model: OPENCV
width: 1232
height: 1028
params: [1219.8196465259828, 1212.6921994877032, 615.0211045423171, 517.9140218781487, -0.05722561606855623, 0.23442093542948012, 0.0005141222276870659, -0.00501358310661266]
